10
-0.6417262016806613 1.2590593744828493 -1.9608409979842933 -0.15449037980785452 -2.274467358377085 -1.0196073885723989 -4.162834286739738 2.4847491169675973 -0.11011104112553682 -0.6500751917984282
1.3947036594175066 1.714177385926141 4.909158506052186 -0.6169538115018325 2.1787886535560066 2.442516878378215 3.592066136127711 4.454962810400857 4.258599051554092 3.802820238885065
-2.380354030776455 0.39483500637143787 4.374211106838964 3.3442269811337697 -4.090957236612496 -0.5013663988725059 0.34659922307961444 -1.068515444915722 2.9399433999593736 1.5599568052124624
2.617412059785138 2.710011249415335 -4.510576512318979 -1.087804229654552 -3.3724884665059287 -2.352036716219841 3.8616463552663594 -1.3701309831757358 -0.9247354016868115 -1.9782677079154443
-0.5468723882363424 4.889868758915604 4.828384316112234 -2.034239865649947 1.8024019587546924 1.1599462032041397 -3.7215844243131944 -4.094774585292663 2.0390033896390025 0.7635034207534186
-3.6868016058771422 -4.311624826047077 1.0002670356562537 -2.799548508514901 -3.966625094018691 4.614982167740692 2.2878371218998783 0.5206119147343025 -4.9853309772335255 3.7729160637319357
-4.8114039832821645 1.7712777111534261 2.2066276226248362 -0.9474353300419913 1.104724530498693 -4.839967505213906 2.817655836059333 -3.413510539817355 -0.5224375232186995 -4.164661480959948
-4.504619887894474 2.544594298687949 -2.389140379653909 -1.4525163093885618 -0.054291072633876336 -0.428115141870955 0.8362087533369467 -4.590837364127088 -4.726785582083294 3.184184618814101
-1.9958438790950916 3.276953256147447 0.9117767928159537 -3.5927058708486825 -4.3764303692533595 -4.553538371204493 -4.883067940528564 0.2518054740828435 2.4970846621437213 -3.0769692676573888
-0.35838249558417967 -2.5532849567403137 -3.974826278118969 4.906814224917142 -4.312126120737533 2.9778560630943196 4.394192294461807 -3.54231883091456 0.46146064813430865 -1.0578369590198056
3
4.926281040108674 0.5812974426208162 -2.1921819712489956
4.08084054736181 -2.1400014578814353 -2.194674510792738
-3.362838918688964 -4.115294233019464 4.2436443550350225
